                3          4           5          2     -1      6  \
count  107.000000  84.000000  139.000000  24.000000  326.0  212.0   
mean     0.620479   0.614567    0.687153   0.785230    1.0    1.0   
std      0.156351   0.187857    0.171889   0.099019    0.0    0.0   
min      0.420732   0.395207    0.428571   0.666667    1.0    1.0   
25%      0.467670   0.437138    0.537769   0.714286    1.0    1.0   
50%      0.577586   0.552176    0.643443   0.750000    1.0    1.0   
75%      0.780303   0.752674    0.848364   0.833333    1.0    1.0   
max      0.917808   0.991416    1.000000   1.000000    1.0    1.0   

       Whole Dataset  
count     100.000000  
mean        0.607023  
std         0.176604  
min         0.396022  
25%         0.460379  
50%         0.556979  
75%         0.747130  
max         0.993036  