Results for wife_religion:
F-value: 13092.125330014567
P-value: 0.0
Tukey-HSD Test Results:
Multiple Comparison of Means - Tukey HSD, FWER=0.05
===================================================
group1 group2 meandiff p-adj  lower   upper  reject
---------------------------------------------------
    -1      1   1.6032   0.0  1.4889  1.7174   True
    -1      3   1.6032   0.0  1.4953  1.7111   True
    -1      5  -1.2024   0.0 -1.3145 -1.0903   True
    -1      6  -1.2024   0.0 -1.3201 -1.0847   True
    -1      7   1.6032   0.0  1.4933   1.713   True
    -1      8   1.6032   0.0  1.3945  1.8119   True
     1      3     -0.0   1.0 -0.0421  0.0421  False
     1      5  -2.8055   0.0 -2.8575 -2.7536   True
     1      6  -2.8055   0.0 -2.8687 -2.7424   True
     1      7     -0.0   1.0 -0.0468  0.0468  False
     1      8      0.0   1.0 -0.1835  0.1835  False
     3      5  -2.8055   0.0 -2.8415 -2.7696   True
     3      6  -2.8055   0.0 -2.8563 -2.7548   True
     3      7      0.0   1.0 -0.0281  0.0281  False
     3      8      0.0   1.0 -0.1797  0.1797  False
     5      6     -0.0   1.0 -0.0592  0.0592  False
     5      7   2.8055   0.0  2.7642  2.8469   True
     5      8   2.8055   0.0  2.6233  2.9877   True
     6      7   2.8055   0.0  2.7508  2.8603   True
     6      8   2.8055   0.0  2.6198  2.9912   True
     7      8      0.0   1.0 -0.1808  0.1808  False
---------------------------------------------------

Results for wife_working:
F-value: 2977.024971931635
P-value: 0.0
Tukey-HSD Test Results:
Multiple Comparison of Means - Tukey HSD, FWER=0.05
===================================================
group1 group2 meandiff p-adj  lower   upper  reject
---------------------------------------------------
    -1      1   0.9581   0.0  0.7256  1.1905   True
    -1      3   1.4836   0.0   1.264  1.7032   True
    -1      5   1.4836   0.0  1.2555  1.7117   True
    -1      6  -0.8242   0.0 -1.0637 -0.5847   True
    -1      7  -0.8242   0.0 -1.0477 -0.6007   True
    -1      8  -0.8242   0.0 -1.2489 -0.3996   True
     1      3   0.5255   0.0  0.4399  0.6112   True
     1      5   0.5255   0.0  0.4199  0.6312   True
     1      6  -1.7823   0.0 -1.9107 -1.6539   True
     1      7  -1.7823   0.0 -1.8776  -1.687   True
     1      8  -1.7823   0.0 -2.1557 -1.4089   True
     3      5     -0.0   1.0 -0.0731  0.0731  False
     3      6  -2.3078   0.0 -2.4111 -2.2045   True
     3      7  -2.3078   0.0  -2.365 -2.2507   True
     3      8  -2.3078   0.0 -2.6734 -1.9423   True
     5      6  -2.3078   0.0 -2.4282 -2.1874   True
     5      7  -2.3078   0.0  -2.392 -2.2236   True
     5      8  -2.3078   0.0 -2.6786 -1.9371   True
     6      7     -0.0   1.0 -0.1115  0.1115  False
     6      8     -0.0   1.0 -0.3779  0.3779  False
     7      8      0.0   1.0 -0.3679  0.3679  False
---------------------------------------------------

Results for media_exposure:
F-value: 6948.626574639945
P-value: 0.0
Tukey-HSD Test Results:
Multiple Comparison of Means - Tukey HSD, FWER=0.05
===================================================
group1 group2 meandiff p-adj  lower   upper  reject
---------------------------------------------------
    -1      1   1.6372   0.0  1.4817  1.7928   True
    -1      3   -2.183   0.0 -2.3299  -2.036   True
    -1      5   -2.183   0.0 -2.3356 -2.0303   True
    -1      6   -2.183   0.0 -2.3432 -2.0227   True
    -1      7   -2.183   0.0 -2.3325 -2.0334   True
    -1      8   -2.183   0.0 -2.4671 -1.8988   True
     1      3  -3.8202   0.0 -3.8775 -3.7628   True
     1      5  -3.8202   0.0 -3.8909 -3.7495   True
     1      6  -3.8202   0.0 -3.9061 -3.7342   True
     1      7  -3.8202   0.0  -3.884 -3.7564   True
     1      8  -3.8202   0.0 -4.0701 -3.5703   True
     3      5     -0.0   1.0 -0.0489  0.0489  False
     3      6     -0.0   1.0 -0.0691  0.0691  False
     3      7     -0.0   1.0 -0.0382  0.0382  False
     3      8     -0.0   1.0 -0.2446  0.2446  False
     5      6      0.0   1.0 -0.0806  0.0806  False
     5      7     -0.0   1.0 -0.0563  0.0563  False
     5      8      0.0   1.0 -0.2481  0.2481  False
     6      7     -0.0   1.0 -0.0746  0.0746  False
     6      8      0.0   1.0 -0.2529  0.2529  False
     7      8      0.0   1.0 -0.2462  0.2462  False
---------------------------------------------------

Results for age_children_interaction:
F-value: 12.511337739296758
P-value: 8.553264624159568e-14
Tukey-HSD Test Results:
Multiple Comparison of Means - Tukey HSD, FWER=0.05 
====================================================
group1 group2 meandiff p-adj   lower   upper  reject
----------------------------------------------------
    -1      1  -0.9782 0.0084 -1.8013  -0.155   True
    -1      3  -1.4548    0.0 -2.2323 -0.6772   True
    -1      5  -1.5288    0.0 -2.3366  -0.721   True
    -1      6  -1.6896    0.0 -2.5378 -0.8413   True
    -1      7  -1.6483    0.0 -2.4399 -0.8567   True
    -1      8  -2.4452    0.0  -3.949 -0.9413   True
     1      3  -0.4766 0.0001 -0.7799 -0.1733   True
     1      5  -0.5506 0.0003 -0.9247 -0.1765   True
     1      6  -0.7114 0.0001 -1.1662 -0.2566   True
     1      7  -0.6701    0.0 -1.0077 -0.3326   True
     1      8   -1.467 0.0186 -2.7894 -0.1445   True
     3      5   -0.074 0.9802 -0.3328  0.1848  False
     3      6  -0.2348  0.484 -0.6007  0.1311  False
     3      7  -0.1935 0.0715 -0.3959  0.0088  False
     3      8  -0.9904 0.2651  -2.285  0.3042  False
     5      6  -0.1608 0.9242 -0.5872  0.2656  False
     5      7  -0.1195 0.9005 -0.4177  0.1786  False
     5      8  -0.9164 0.3769 -2.2293  0.3966  False
     6      7   0.0413 0.9999 -0.3534   0.436  False
     6      8  -0.7556 0.6383 -2.0938  0.5826  False
     7      8  -0.7969 0.5444 -2.0999  0.5061  False
----------------------------------------------------

Results for edu_interaction:
F-value: 47.75815987854675
P-value: 1.0716134189821617e-53
Tukey-HSD Test Results:
Multiple Comparison of Means - Tukey HSD, FWER=0.05 
====================================================
group1 group2 meandiff p-adj   lower   upper  reject
----------------------------------------------------
    -1      1  -1.0374 0.0015 -1.8093 -0.2655   True
    -1      3    0.168 0.9937 -0.5611  0.8972  False
    -1      5   0.7759 0.0406  0.0184  1.5334   True
    -1      6    0.859 0.0246  0.0636  1.6544   True
    -1      7   0.2755 0.9295 -0.4668  1.0178  False
    -1      8  -0.9111 0.4755 -2.3213  0.4991  False
     1      3   1.2054    0.0   0.921  1.4899   True
     1      5   1.8133    0.0  1.4625  2.1641   True
     1      6   1.8964    0.0  1.4699  2.3228   True
     1      7   1.3129    0.0  0.9964  1.6294   True
     1      8   0.1263 0.9999 -1.1138  1.3664  False
     3      5   0.6079    0.0  0.3652  0.8505   True
     3      6   0.6909    0.0  0.3478   1.034   True
     3      7   0.1075  0.635 -0.0823  0.2972  False
     3      8  -1.0791 0.1193 -2.2931  0.1348  False
     5      6   0.0831 0.9964 -0.3168  0.4829  False
     5      7  -0.5004    0.0   -0.78 -0.2208   True
     5      8   -1.687 0.0011 -2.9182 -0.4558   True
     6      7  -0.5835 0.0001 -0.9536 -0.2133   True
     6      8  -1.7701 0.0007 -3.0249 -0.5152   True
     7      8  -1.1866 0.0635 -2.4085  0.0353  False
----------------------------------------------------

