               3          4          1          5          6    -1  \
count  42.000000  33.000000  16.000000  18.000000  18.000000  29.0   
mean    0.489911   0.536347   0.430119   0.508400   0.838605   1.0   
std     0.094273   0.111667   0.166763   0.058202   0.207872   0.0   
min     0.320856   0.378947   0.266667   0.408163   0.518519   1.0   
25%     0.444724   0.466667   0.298529   0.500000   0.579091   1.0   
50%     0.496713   0.548148   0.320856   0.516129   1.000000   1.0   
75%     0.510443   0.590909   0.591176   0.542869   1.000000   1.0   
max     0.769231   0.851852   0.714286   0.642857   1.000000   1.0   

       Whole Dataset  
count      11.000000  
mean        0.679803  
std         0.138048  
min         0.377049  
25%         0.628938  
50%         0.714286  
75%         0.782462  
max         0.826667  